Our measure :
RNAND        =  2.15959 - 2.07015 = 0.8944 ns
FNAND        =  1.13900 - 1.06459 = 0.0744 ns
NANDDELAYHL  =  1.09900 - 1.05005 = 0.0489 ns
NANDDELAYLH  =  2.10655 - 2.05003 = 0.0565 ns 

Eldo measure : 
RNAND        =  8.9303E-11   targ=  2.1595E-09     trig=  2.0702E-09
FNAND        =  7.4319E-11   targ=  1.1390E-09     trig=  1.0647E-09
NANDDELAYHL  =  4.8993E-11   targ=  1.0990E-09     trig=  1.0500E-09
NANDDELAYLH  =  5.6490E-11   targ=  2.1065E-09     trig=  2.0500E-09